S-NET-A
1 43186U 18017B   24001.50000000  .00000934  00000-0  43215-4 0  9993
2 43186  97.5012  12.3456 0001234 270.1234  89.8766 15.14872345123456
S-NET-B
1 43187U 18017C   24001.50000000  .00000921  00000-0  42567-4 0  9991
2 43187  97.5011  12.3589 0001189 271.2345  88.7655 15.14876543234561
S-NET-C
1 43188U 18017D   24001.50000000  .00000912  00000-0  42123-4 0  9990
2 43188  97.5013  12.3702 0001098 269.8765  90.1235 15.14880123345672
S-NET-D
1 43189U 18017E   24001.50000000  .00000905  00000-0  41789-4 0  9992
2 43189  97.5010  12.3815 0001045 268.5432  91.4568 15.14883456456783
